"","pessu101108","pessu102","pessu103","pessu104161","pessu105","pessu106","pessu107","pessu110","pessu111","pessu112","pessu113","pessu116","pessu117","pessu119","pessu120","pessu121","pessu122","pessu123124","pessu125","pessu126","pessu127","pessu128","pessu129","pessu131132","pessu133","pessu134","pessu135","pessu137","pessu138","pessu139","pessu143","pessu144","pessu145157","pessu147","pessu148","pessu149","pessu152154","pessu162"
"pessu101108",0,71.9666649469231,58.8472889498368,854.711717481583,90.4245703076536,234.735492328225,188.302257100326,209.98157321984,194.321552543291,195.39026284884,235.186918832767,35.7894300531088,508.132659879944,NA,235.17893730612,360.255431590877,109.411785540595,43.0856413737262,563.644627422241,455.963663891625,562.452950362808,564.303332505975,50.4440802359,250.618271201812,470.980969462383,163.332897897995,201.636960008334,109.682801040442,72.888544986211,25.6947297791403,539.405152146268,545.123882398391,549.035670015907,472.248704699687,482.181503060047,494.75507309083,477.87740392932,NA
"pessu102",71.9666649469231,0,13.1200047894789,816.890701883648,25.3434656644954,235.007689281726,258.071533350902,210.698676154199,264.569032261026,266.450846769607,231.615430740306,36.4942114320416,519.521437469145,NA,236.227671086272,369.731032188782,59.6887187500499,33.8852325813018,519.185288496227,523.097464193189,521.753698171893,522.163101737322,37.2383647712099,206.418376045568,536.97146322979,233.724071664136,203.36018361754,56.4397779904634,5.95727718053431,48.3506201368158,610.410232590384,615.970370694552,507.868298740011,539.036524332269,548.588839935502,560.732113765408,533.308936171311,NA
"pessu103",58.8472889498368,13.1200047894789,0,823.346003791951,35.3306854117628,233.193816439361,245.23244074064,208.611519121866,251.66786154474,253.441919005801,230.486651174985,23.479656884412,516.603656617578,NA,234.280277634311,366.857446133098,65.8511297698065,22.548179627734,526.743671960238,510.720925533373,528.578737190767,529.269867192692,28.6361910181755,213.255178935396,524.779976380321,220.79475983722,201.021955089428,63.5415854658113,14.970748763107,35.522565214212,597.430724346161,603.015711704138,514.771370579522,526.71805484318,536.333031024209,548.547771506321,522.832182974753,NA
"pessu104161",854.711717481583,816.890701883648,823.346003791951,0,825.986797320551,650.004062712347,927.736548595657,669.311505457614,936.485582468895,948.661548528846,642.946117375724,838.303364357879,559.215229727586,NA,651.13049658592,600.180324107979,855.201407692871,844.243622685972,304.224157904135,1043.24298867572,295.741600011034,296.866443282529,810.092302440037,610.498622759126,1035.57493877741,921.869434235161,677.156539449861,849.422612539404,811.410940477602,848.420217973311,1180.50288626646,1179.82830282447,309.876031353911,1048.05938143514,1048.48078984383,1049.84169964194,915.342742606666,NA
"pessu105",90.4245703076536,25.3434656644954,35.3306854117628,825.986797320551,0,257.02399638907,278.553943072696,233.031329651225,284.695610695772,285.787076036594,252.985709515952,55.0671910270115,542.193017018992,NA,258.362630439005,392.466766775895,36.4678146203138,47.7809697013575,526.184763201473,545.163321381959,530.359676840749,530.162581808452,62.419836680592,216.168491723956,559.503805333676,253.720398737298,225.931543090943,32.32249900455,29.7416166555622,64.9539639745033,629.763005541707,635.518519382647,516.329598715822,561.256087436044,570.966023019667,583.278086600572,558.060515507817,NA
"pessu106",234.735492328225,235.007689281726,233.193816439361,650.004062712347,257.02399638907,0,279.547282587683,24.8973562278615,288.446574904869,300.012967397246,12.5964018265235,235.478582603298,285.568597201714,NA,2.67476270379423,136.373111475171,293.464496281074,245.704046131744,386.785317525957,459.221073192937,374.609013420013,380.422265659999,207.66963530137,151.211257694814,462.313933633274,272.070934542421,33.1161030735157,289.261542524688,229.275257110944,240.6060895718,583.054236451242,585.301771962016,363.39827324589,470.45117943717,475.896864263525,483.424179967222,398.720881000176,NA
"pessu107",188.302257100326,258.071533350902,245.23244074064,927.736548595657,278.553943072696,279.547282587683,0,263.417939148036,8.97125785248482,21.3800151601865,288.183062074918,223.51318364289,471.834774834915,NA,278.114975612559,349.269776018046,295.739226309376,231.373465310088,664.013973826107,269.425101531697,653.610367885839,658.916198350682,226.333933845598,377.684033922401,286.131729062396,25.9146192083953,256.566550479043,296.785060925002,257.567242888639,213.981790767536,353.066789417091,358.343671968687,642.046286309689,286.1230730259,296.576408461683,309.761911511636,318.691946867718,NA
"pessu110",209.98157321984,210.698676154199,208.611519121866,669.311505457614,233.031329651225,24.8973562278615,263.417939148036,0,272.374175701675,283.425608095374,26.8440932989824,210.617125378087,309.197724449965,NA,25.7214637590857,159.58575243566,269.425103490683,220.878782451875,400.770632154861,455.63972490393,390.305159928719,395.501733849942,182.890707894982,145.395155758816,460.077991879638,254.269078031023,8.47020827915076,265.318686302209,205.00842692767,215.708929343341,576.463548540814,579.086515505058,378.648888920673,467.560877489524,473.563633797979,481.734529237045,403.872156442659,NA
"pessu111",194.321552543291,264.569032261026,251.66786154474,936.485582468895,284.695610695772,288.446574904869,8.97125785248482,272.374175701675,0,13.7623636642666,297.113879795007,229.717089448454,478.624109520134,NA,287.004953191703,357.142983847191,301.113632401156,237.33617141744,672.98109606518,264.928274663758,662.55227897402,667.869990607069,233.311046703531,386.430108412269,282.172482029147,31.0003093954211,265.530979618853,302.295290760417,264.203822569905,219.958384042477,346.102053113215,351.504542071184,650.996828291662,281.756483289758,292.369955131187,305.72210190238,318.709342203378,NA
"pessu112",195.39026284884,266.450846769607,253.441919005801,948.661548528846,285.787076036594,300.012967397246,21.3800151601865,283.425608095374,13.7623636642666,0,308.443556522722,231.054155052567,492.386365520837,NA,298.62871399656,370.596218190045,300.658107209193,238.159701426165,683.73612766533,267.999732115844,673.72209170131,678.89109841105,236.336065742957,394.788061913306,286.117098326179,34.1351439979707,276.434561821419,302.097639508892,266.390961629144,220.85672229509,344.035299321022,349.734346206031,662.064110608521,285.020428228386,295.887291820322,309.496386559464,328.01035802232,NA
"pessu113",235.186918832767,231.615430740306,230.486651174985,642.946117375724,252.985709515952,12.5964018265235,288.183062074918,26.8440932989824,297.113879795007,308.443556522722,0,234.012037461375,291.005890658147,NA,15.2393337791126,142.77931120649,289.453053514221,243.955798568666,376.933849013281,471.393361598707,365.485216352023,371.022430896505,205.737252185184,138.95832433791,474.64267842666,279.86516458961,35.1809758214246,285.089002768873,225.80567584804,239.723460069155,594.765531007851,597.083249857107,354.068218199803,482.709738877595,488.217316802538,495.808463349741,411.272734744763,NA
"pessu116",35.7894300531088,36.4942114320416,23.479656884412,838.303364357879,55.0671910270115,235.478582603298,223.51318364289,210.617125378087,229.717089448454,231.054155052567,234.012037461375,0,515.879792296063,NA,236.31659868266,366.551204718984,78.4279735450165,11.4450072936401,543.553302132961,490.254729285484,544.279588719459,545.398240185525,29.2330254025246,229.628656550965,504.80340030706,198.761925747853,202.649399126324,77.6374584710946,38.1685797998942,12.312626447698,575.088346964482,580.767194403447,530.603401920861,506.403462309455,516.182359967592,528.580882284932,506.959982535471,NA
"pessu117",508.132659879944,519.521437469145,516.603656617578,559.215229727586,542.193017018992,285.568597201714,471.834774834915,309.197724449965,478.624109520134,492.386365520837,291.005890658147,515.879792296063,0,NA,284.074651291192,149.791974365067,578.54651802102,526.751416799522,423.661841701858,499.926116535118,392.50258229742,404.937612088608,489.708655654741,395.890223960681,488.235937061735,478.966378944874,316.270564591896,574.495216965804,513.913748834015,519.069847024236,637.470935793071,635.396613826118,390.614133739113,501.772692764069,500.281841682789,499.515904356226,359.119764599394,NA
"pessu119",NA,NA,NA,NA,NA,NA,NA,NA,NA,NA,NA,NA,NA,0,NA,NA,NA,NA,NA,NA,NA,NA,NA,NA,NA,NA,NA,NA,NA,NA,NA,NA,NA,NA,NA,NA,NA,NA
"pessu120",235.17893730612,236.227671086272,234.280277634311,651.13049658592,258.362630439005,2.67476270379423,278.114975612559,25.7214637590857,287.004953191703,298.62871399656,15.2393337791126,236.31659868266,284.074651291192,NA,0,134.740787923936,294.789947719414,246.595496011058,388.59042728479,456.795352854924,376.237423819766,382.11701535044,208.612041419669,153.882159047632,459.830322561825,270.848248562707,33.7266248958013,290.618818733441,230.512088380133,241.323656583813,580.777092191928,583.002965606059,365.077436729663,467.99416452313,473.416369358288,480.918150870904,396.055735073419,NA
"pessu121",360.255431590877,369.731032188782,366.857446133098,600.180324107979,392.466766775895,136.373111475171,349.269776018046,159.58575243566,357.142983847191,370.596218190045,142.77931120649,366.551204718984,149.791974365067,NA,134.740787923936,0,428.795173385909,377.328824333658,387.972201280327,448.184850559711,364.922915961189,374.646894442732,340.092553189816,261.930341278539,443.722122268379,351.260839604413,166.537261873781,424.778489732194,364.128127805398,370.115447157652,583.605700565923,583.677946595814,357.75098475662,455.034234621587,457.14772432664,460.778572862261,343.526069660421,NA
"pessu122",109.411785540595,59.6887187500499,65.8511297698065,855.201407692871,36.4678146203138,293.464496281074,295.739226309376,269.425103490683,301.113632401156,300.658107209193,289.453053514221,78.4279735450165,578.54651802102,NA,294.789947719414,428.795173385909,0,67.8751310162984,553.820474310447,564.584011147394,559.462861400955,558.719607760252,94.4803633283738,247.365771067345,580.032355260932,270.206067632053,262.275976501621,5.80178720532832,64.9797434309203,84.3998209075969,643.09384853973,649.233955870163,545.328776715041,581.011923824887,591.08745654804,603.796068488034,585.361763066365,NA
"pessu123124",43.0856413737262,33.8852325813018,22.548179627734,844.243622685972,47.7809697013575,245.704046131744,231.373465310088,220.878782451875,237.33617141744,238.159701426165,243.955798568666,11.4450072936401,526.751416799522,NA,246.595496011058,377.328824333658,67.8751310162984,0,548.404832694207,498.934484382905,549.786241888226,550.659778973222,38.2856912538648,234.654465370227,513.781417903622,206.33917171657,212.981102687299,67.4694294848406,37.2325609637645,17.3929341613023,582.069377674972,587.863549381499,536.03392815039,515.176288973679,525.054046986563,537.558522317064,517.538261478407,NA
"pessu125",563.644627422241,519.185288496227,526.743671960238,304.224157904135,526.184763201473,386.785317525957,664.013973826107,400.770632154861,672.98109606518,683.73612766533,376.933849013281,543.553302132961,423.661841701858,NA,388.59042728479,387.972201280327,553.820474310447,548.404832694207,0,829.364038941464,35.0997999434282,21.9402739643819,516.431791407069,313.928027297221,827.558588796597,653.502947060993,407.464836141827,548.021059836267,513.959191071845,554.395922700342,960.642817600553,961.829233269204,33.0765484524998,837.925568326311,841.159360582042,845.942423626645,731.216831686131,NA
"pessu126",455.963663891625,523.097464193189,510.720925533373,1043.24298867572,545.163321381959,459.221073192937,269.425101531697,455.63972490393,264.928274663758,267.999732115844,471.393361598707,490.254729285484,499.926116535118,NA,456.795352854924,448.184850559711,564.584011147394,498.934484382905,829.364038941464,0,809.652899379269,818.333999375757,488.702017157029,597.010091307605,25.2736467468055,295.276072470498,452.409680445222,565.355941886609,521.781318433792,481.601478568792,137.899750471197,136.658227334282,801.139889464274,17.3840502931342,29.2067279145582,43.8373912647409,160.497130679298,NA
"pessu127",562.452950362808,521.753698171893,528.578737190767,295.741600011034,530.359676840749,374.609013420013,653.610367885839,390.305159928719,662.55227897402,673.72209170131,365.485216352023,544.279588719459,392.50258229742,NA,376.237423819766,364.922915961189,559.462861400955,549.786241888226,35.0997999434282,809.652899379269,0,13.3259585561155,516.495581198578,315.374530491073,806.963466336228,644.334076128285,397.411936805756,553.685170028991,516.346303916625,554.727442407911,942.267880774354,943.162099116368,14.3116352261528,817.679111585536,820.511270418859,824.821382752976,707.045935531903,NA
"pessu128",564.303332505975,522.163101737322,529.269867192692,296.866443282529,530.162581808452,380.422265659999,658.916198350682,395.501733849942,667.869990607069,678.89109841105,371.022430896505,545.398240185525,404.937612088608,NA,382.11701535044,374.646894442732,558.719607760252,550.659778973222,21.9402739643819,818.333999375757,13.3259585561155,0,517.850094382014,316.026911253351,815.953198909291,649.183990859916,402.462086854665,552.930934596989,516.82159952861,556.00023098632,950.496193891758,951.493401465093,17.260189062576,826.548644378193,829.521289345856,833.996460251819,717.253571608582,NA
"pessu129",50.4440802359,37.2383647712099,28.6361910181755,810.092302440037,62.419836680592,207.66963530137,226.333933845598,182.890707894982,233.311046703531,236.336065742957,205.737252185184,29.2330254025246,489.708655654741,NA,208.612041419669,340.092553189816,94.4803633283738,38.2856912538648,516.431791407069,488.702017157029,516.495581198578,517.850094382014,0,202.627330161407,502.012434457289,202.859768066367,175.074406187745,92.061180935524,34.1883058142058,38.3364594227686,579.377830106604,584.676703957583,502.895679264397,504.445533058608,513.805118041645,525.744406252457,496.183046091129,NA
"pessu131132",250.618271201812,206.418376045568,213.255178935396,610.498622759126,216.168491723956,151.211257694814,377.684033922401,145.395155758816,386.430108412269,394.788061913306,138.95832433791,229.628656550965,395.890223960681,NA,153.882159047632,261.930341278539,247.365771067345,234.654465370227,313.928027297221,597.010091307605,315.374530491073,316.026911253351,202.627330161407,0,602.894119236129,361.672782185135,146.727438979176,241.697801189913,200.982316923926,240.488858167306,712.616013932868,715.932933953613,301.533210535963,609.683590964888,616.248189082293,625.000472966744,548.877484518579,NA
"pessu133",470.980969462383,536.97146322979,524.779976380321,1035.57493877741,559.503805333676,462.313933633274,286.131729062396,460.077991879638,282.172482029147,286.117098326179,474.64267842666,504.80340030706,488.235937061735,NA,459.830322561825,443.722122268379,580.032355260932,513.781417903622,827.558588796597,25.2736467468055,806.963466336228,815.953198909291,502.012434457289,602.894119236129,0,312.046042030169,457.278816861479,580.602189387389,535.423691945506,496.522224225556,150.041212915043,147.351484602175,798.814372775746,14.5620730740779,13.662980519467,23.7778610234768,141.213766987824,NA
"pessu134",163.332897897995,233.724071664136,220.79475983722,921.869434235161,253.720398737298,272.070934542421,25.9146192083953,254.269078031023,31.0003093954211,34.1351439979707,279.86516458961,198.761925747853,478.966378944874,NA,270.848248562707,351.260839604413,270.206067632053,206.33917171657,653.502947060993,295.276072470498,644.334076128285,649.183990859916,202.859768066367,361.672782185135,312.046042030169,0,246.977473732796,271.346185596501,233.4418879804,188.963167700572,376.769406612074,382.260336169655,632.461707782584,312.000472086588,322.476167614447,335.674199009926,342.17043622648,NA
"pessu135",201.636960008334,203.36018361754,201.021955089428,677.156539449861,225.931543090943,33.1161030735157,256.566550479043,8.47020827915076,265.530979618853,276.434561821419,35.1809758214246,202.649399126324,316.270564591896,NA,33.7266248958013,166.537261873781,262.275976501621,212.981102687299,407.464836141827,452.409680445222,397.411936805756,402.462086854665,175.074406187745,146.727438979176,457.278816861479,246.977473732796,0,258.241628263173,197.707996543446,207.598244956567,572.23090828313,574.969039864754,385.656264995987,464.545647600988,470.724813070054,479.099969100658,403.589715239454,NA
"pessu137",109.682801040442,56.4397779904634,63.5415854658113,849.422612539404,32.32249900455,289.261542524688,296.785060925002,265.318686302209,302.295290760417,302.097639508892,285.089002768873,77.6374584710946,574.495216965804,NA,290.618818733441,424.778489732194,5.80178720532832,67.4694294848406,548.021059836267,565.355941886609,553.685170028991,552.930934596989,92.061180935524,241.697801189913,580.602189387389,271.346185596501,258.241628263173,0,61.5012511960708,84.3615244446945,644.924714960452,651.00407893253,539.548979277843,581.725941516758,591.735826619161,604.372769837197,584.526519578642,NA
"pessu138",72.888544986211,5.95727718053431,14.970748763107,811.410940477602,29.7416166555622,229.275257110944,257.567242888639,205.00842692767,264.203822569905,266.390961629144,225.80567584804,38.1685797998942,513.913748834015,NA,230.512088380133,364.128127805398,64.9797434309203,37.2325609637645,513.959191071845,521.781318433792,516.346303916625,516.82159952861,34.1883058142058,200.982316923926,535.423691945506,233.4418879804,197.707996543446,61.5012511960708,0,50.3590928449362,610.206089479118,615.692534610246,502.47812212993,537.643519591524,547.116871646911,559.173539928611,530.308022586216,NA
"pessu139",25.6947297791403,48.3506201368158,35.522565214212,848.420217973311,64.9539639745033,240.6060895718,213.981790767536,215.708929343341,219.958384042477,220.85672229509,239.723460069155,12.312626447698,519.069847024236,NA,241.323656583813,370.115447157652,84.3998209075969,17.3929341613023,554.395922700342,481.601478568792,554.727442407911,556.00023098632,38.3364594227686,240.488858167306,496.522224225556,188.963167700572,207.598244956567,84.3615244446945,50.3590928449362,0,564.811743083419,570.579548449753,541.102539719185,497.862483221888,507.764198445608,520.298334507055,501.540342578453,NA
"pessu143",539.405152146268,610.410232590384,597.430724346161,1180.50288626646,629.763005541707,583.054236451242,353.066789417091,576.463548540814,346.102053113215,344.035299321022,594.765531007851,575.088346964482,637.470935793071,NA,580.777092191928,583.605700565923,643.09384853973,582.069377674972,960.642817600553,137.899750471197,942.267880774354,950.496193891758,579.377830106604,712.616013932868,150.041212915043,376.769406612074,572.23090828313,644.924714960452,610.206089479118,564.811743083419,0,9.38695632372599,933.251483758433,136.038400372197,139.118663898108,143.532715896819,289.243767748699,NA
"pessu144",545.123882398391,615.970370694552,603.015711704138,1179.82830282447,635.518519382647,585.301771962016,358.343671968687,579.086515505058,351.504542071184,349.734346206031,597.083249857107,580.767194403447,635.396613826118,NA,583.002965606059,583.677946595814,649.233955870163,587.863549381499,961.829233269204,136.658227334282,943.162099116368,951.493401465093,584.676703957583,715.932933953613,147.351484602175,382.260336169655,574.969039864754,651.00407893253,615.692534610246,570.579548449753,9.38695632372599,0,934.256775548755,133.632076591031,135.93862193781,139.474933166757,285.416876122507,NA
"pessu145157",549.035670015907,507.868298740011,514.771370579522,309.876031353911,516.329598715822,363.39827324589,642.046286309689,378.648888920673,650.996828291662,662.064110608521,354.068218199803,530.603401920861,390.614133739113,NA,365.077436729663,357.75098475662,545.328776715041,536.03392815039,33.0765484524998,801.139889464274,14.3116352261528,17.260189062576,502.895679264397,301.533210535963,798.814372775746,632.461707782584,385.656264995987,539.548979277843,502.47812212993,541.102539719185,933.251483758433,934.256775548755,0,809.385967734612,812.386487266958,816.899407576458,700.54083022801,NA
"pessu147",472.248704699687,539.036524332269,526.71805484318,1048.05938143514,561.256087436044,470.45117943717,286.1230730259,467.560877489524,281.756483289758,285.020428228386,482.709738877595,506.403462309455,501.772692764069,NA,467.99416452313,455.034234621587,581.011923824887,515.176288973679,837.925568326311,17.3840502931342,817.679111585536,826.548644378193,504.445533058608,609.683590964888,14.5620730740779,312.000472086588,464.545647600988,581.725941516758,537.643519591524,497.862483221888,136.038400372197,133.632076591031,809.385967734612,0,12.0621049459661,26.7432303105158,155.770245545855,NA
"pessu148",482.181503060047,548.588839935502,536.333031024209,1048.48078984383,570.966023019667,475.896864263525,296.576408461683,473.563633797979,292.369955131187,295.887291820322,488.217316802538,516.182359967592,500.281841682789,NA,473.416369358288,457.14772432664,591.08745654804,525.054046986563,841.159360582042,29.2067279145582,820.511270418859,829.521289345856,513.805118041645,616.248189082293,13.662980519467,322.476167614447,470.724813070054,591.735826619161,547.116871646911,507.764198445608,139.118663898108,135.93862193781,812.386487266958,12.0621049459661,0,14.6878677707211,150.563410411932,NA
"pessu149",494.75507309083,560.732113765408,548.547771506321,1049.84169964194,583.278086600572,483.424179967222,309.761911511636,481.734529237045,305.72210190238,309.496386559464,495.808463349741,528.580882284932,499.515904356226,NA,480.918150870904,460.778572862261,603.796068488034,537.558522317064,845.942423626645,43.8373912647409,824.821382752976,833.996460251819,525.744406252457,625.000472966744,23.7778610234768,335.674199009926,479.099969100658,604.372769837197,559.173539928611,520.298334507055,143.532715896819,139.474933166757,816.899407576458,26.7432303105158,14.6878677707211,0,145.961382639242,NA
"pessu152154",477.87740392932,533.308936171311,522.832182974753,915.342742606666,558.060515507817,398.720881000176,318.691946867718,403.872156442659,318.709342203378,328.01035802232,411.272734744763,506.959982535471,359.119764599394,NA,396.055735073419,343.526069660421,585.361763066365,517.538261478407,731.216831686131,160.497130679298,707.045935531903,717.253571608582,496.183046091129,548.877484518579,141.213766987824,342.17043622648,403.589715239454,584.526519578642,530.308022586216,501.540342578453,289.243767748699,285.416876122507,700.54083022801,155.770245545855,150.563410411932,145.961382639242,0,NA
"pessu162",NA,NA,NA,NA,NA,NA,NA,NA,NA,NA,NA,NA,NA,NA,NA,NA,NA,NA,NA,NA,NA,NA,NA,NA,NA,NA,NA,NA,NA,NA,NA,NA,NA,NA,NA,NA,NA,0
