"","pesu101","pesu102","pesu103","pesu104","pesu105","pesu106","pesu107","pesu108","pesu110","pesu111","pesu112","pesu113","pesu116","pesu117","pesu119","pesu120","pesu121","pesu122","pesu123","pesu124","pesu125","pesu126","pesu127","pesu128","pesu129","pesu131","pesu132","pesu133","pesu134","pesu135","pesu137","pesu138","pesu139","pesu143","pesu144","pesu145","pesu147","pesu148","pesu149","pesu152","pesu154","pesu157","pesu161","pesu162"
"pesu101",0,0.0831797722242662,0.343340573126682,0.142828972479013,2.03872152184157,0.66665895197108,0.742859694480593,0.148204203571325,0.454338574906483,0.0311211848226272,0.427189466977154,0.896701858453076,0.290715416340969,0.117500475660961,0.349308353498277,0.0619956662341217,0.344256612465923,0.483785890654701,0.0228693142815892,0.0421743296019095,0.0639734809643251,0.706082933764495,1.82076546143594,0.206781103965749,0.233389646531137,0.449686596610555,0.429820676172167,1.05101640500601,0.829797442843379,0.695204006112153,0.588123036798056,0.0191137011621976,0.179789440318508,1.55072708188874,0.374801941739197,0.569521006852451,0.322767823776232,0.116048569779771,1.76115874367042,1.19447283631549,1.21173428941107,0.440271467206351,0.0606649940484161,1.11026653301416
"pesu102",0.0831797722242662,0,0.426520345350948,0.226008744703279,2.12190129406583,0.749838724195346,0.826039466704859,0.231383975795591,0.537518347130749,0.052058587401639,0.51036923920142,0.81352208622881,0.373895188565236,0.0343207034366948,0.432488125722543,0.0211841059901445,0.427436384690189,0.566965662878967,0.106049086505855,0.125354101826176,0.0192062912599411,0.789262705988762,1.90394523366021,0.289960876190015,0.150209874306871,0.366506824386288,0.3466409039479,1.13419617723028,0.912977215067645,0.778383778336419,0.671302809022322,0.102293473386464,0.0966096680942421,1.63390685411301,0.457981713963463,0.652700779076717,0.405947596000498,0.0328687975555049,1.84433851589469,1.27765260853976,1.29491406163534,0.523451239430617,0.0225147781758501,1.02708676078989
"pesu103",0.343340573126682,0.426520345350948,0,0.200511600647669,1.69538094871488,0.323318378844398,0.399519121353912,0.195136369555357,0.110998001779802,0.374461757949309,0.0838488938504725,1.24004243157976,0.0526251567857123,0.460841048787643,0.00596778037159496,0.405336239360803,0.000916039339241337,0.14044531752802,0.320471258845092,0.301166243524772,0.407314054091007,0.362742360637814,1.47742488830926,0.136559469160932,0.576730219657819,0.793027169737236,0.773161249298848,0.707675831879332,0.486456869716697,0.351863432985471,0.244782463671374,0.324226871964484,0.52313001344519,1.20738650876206,0.0314613686125149,0.226180433725769,0.0205727493504497,0.459389142906453,1.41781817054374,0.851132263188813,0.868393716284391,0.0969308940796694,0.404005567175098,1.45360710614084
"pesu104",0.142828972479013,0.226008744703279,0.200511600647669,0,1.89589254936255,0.523829979492067,0.600030722001581,0.0053752310923123,0.311509602427471,0.17395015730164,0.284360494498141,1.03953083093209,0.147886443861957,0.260329448139974,0.206479381019264,0.204824638713134,0.20142763998691,0.340956918175689,0.119959658197423,0.100654642877103,0.206802453443338,0.563253961285483,1.67793648895693,0.0639521314867366,0.37621861901015,0.592515569089567,0.572649648651179,0.908187432527001,0.686968470364366,0.55237503363314,0.445294064319043,0.123715271316815,0.322618412797521,1.40789810940973,0.231972969260184,0.426692034373438,0.179938851297219,0.258877542258784,1.61832977119141,1.05164386383648,1.06890531693206,0.297442494727338,0.203493966527429,1.25309550549317
"pesu105",2.03872152184157,2.12190129406583,1.69538094871488,1.89589254936255,0,1.37206256987049,1.29586182736097,1.89051731827024,1.58438294693508,2.06984270666419,1.61153205486441,2.93542338029464,1.7480061055006,2.15622199750253,1.68941316834329,2.10071718807569,1.69446490937564,1.55493563118686,2.01585220755998,1.99654719223966,2.10269500280589,1.33263858807707,0.217956060405626,1.83194041787582,2.2721111683727,2.48840811845212,2.46854219801373,0.987705116835553,1.20892407899819,1.34351751572941,1.45059848504351,2.01960782067937,2.21851096216007,0.487994439952821,1.66391958010237,1.46920051498912,1.71595369806533,2.15477009162134,0.277562778171145,0.844248685526072,0.826987232430493,1.59845005463522,2.09938651588998,3.14898805485573
"pesu106",0.66665895197108,0.749838724195346,0.323318378844398,0.523829979492067,1.37206256987049,0,0.0762007425095135,0.518454748399755,0.212320377064596,0.697780136793707,0.239469484993926,1.56336081042416,0.37594353563011,0.784159427632041,0.317350598472803,0.728654618205201,0.322402339505157,0.182873061316378,0.64378963768949,0.62448462236917,0.730632432935405,0.0394239817934157,1.15410650946486,0.45987784800533,0.900048598502217,1.11634554858163,1.09647962814325,0.384357453034934,0.163138490872299,0.0285450541410732,0.0785359151730241,0.647545250808882,0.846448392289588,0.884068129917665,0.291857010231883,0.0971379451186287,0.343891128194848,0.782707521750851,1.09449979169934,0.527813884344415,0.545075337439993,0.226387484764729,0.727323946019496,1.77692548498524
"pesu107",0.742859694480593,0.826039466704859,0.399519121353912,0.600030722001581,1.29586182736097,0.0762007425095135,0,0.594655490909268,0.28852111957411,0.77398087930322,0.315670227503439,1.63956155293367,0.452144278139624,0.860360170141554,0.393551340982317,0.804855360714715,0.39860308201467,0.259073803825892,0.719990380199004,0.700685364878684,0.806833175444918,0.0367767607160978,1.07790576695535,0.536078590514844,0.97624934101173,1.19254629109115,1.17268037065276,0.30815671052542,0.0869377483627858,0.0476556883684403,0.154736657682538,0.723745993318396,0.922649134799101,0.807867387408152,0.368057752741397,0.173338687628142,0.420091870704361,0.858908264260364,1.01829904918983,0.451613141834901,0.46887459493048,0.302588227274242,0.803524688529009,1.85312622749475
"pesu108",0.148204203571325,0.231383975795591,0.195136369555357,0.0053752310923123,1.89051731827024,0.518454748399755,0.594655490909268,0,0.306134371335158,0.179325388393952,0.278985263405829,1.0449060620244,0.142511212769644,0.265704679232286,0.201104149926952,0.210199869805447,0.196052408894598,0.335581687083376,0.125334889289736,0.106029873969415,0.21217768453565,0.55787873019317,1.67256125786461,0.0585769003944243,0.381593850102462,0.597890800181879,0.578024879743491,0.902812201434688,0.681593239272054,0.546999802540828,0.439918833226731,0.129090502409127,0.327993643889833,1.40252287831742,0.226597738167872,0.421316803281126,0.174563620204907,0.264252773351096,1.6129545400991,1.04626863274417,1.06353008583975,0.292067263635026,0.208869197619741,1.25847073658549
"pesu110",0.454338574906483,0.537518347130749,0.110998001779802,0.311509602427471,1.58438294693508,0.212320377064596,0.28852111957411,0.306134371335158,0,0.48545975972911,0.0271491079293291,1.35104043335956,0.163623158565514,0.571839050567444,0.105030221408207,0.516334241140605,0.11008196244056,0.029447315748218,0.431469260624894,0.412164245304574,0.518312055870808,0.251744358858012,1.36642688652946,0.247557470940734,0.68772822143762,0.904025171517038,0.88415925107865,0.59667783009953,0.375458867936896,0.24086543120567,0.133784461891572,0.435224873744286,0.634128015224992,1.09638850698226,0.0795366331672867,0.115182431945968,0.131570751130251,0.570387144686254,1.30682016876394,0.740134261409011,0.75739571450459,0.0140671077001322,0.515003568954899,1.56460510792064
"pesu111",0.0311211848226272,0.052058587401639,0.374461757949309,0.17395015730164,2.06984270666419,0.697780136793707,0.77398087930322,0.179325388393952,0.48545975972911,0,0.458310651799781,0.865580673630449,0.321836601163596,0.0863792908383338,0.380429538320904,0.0308744814114945,0.37537779728855,0.514907075477328,0.0539904991042164,0.0732955144245366,0.0328522961416979,0.737204118587123,1.85188664625857,0.237902288788376,0.20226846170851,0.418565411787927,0.398699491349539,1.08213758982864,0.860918627666006,0.72632519093478,0.619244221620683,0.0502348859848247,0.148668255495881,1.58184826671137,0.405923126561824,0.600642191675078,0.353889008598859,0.0849273849571439,1.79227992849305,1.22559402113812,1.2428554742337,0.471392652028978,0.0295438092257889,1.07914534819153
"pesu112",0.427189466977154,0.51036923920142,0.0838488938504725,0.284360494498141,1.61153205486441,0.239469484993926,0.315670227503439,0.278985263405829,0.0271491079293291,0.458310651799781,0,1.32389132543023,0.136474050636185,0.544689942638115,0.0778811134788775,0.489185133211276,0.0829328545112311,0.0565964236775471,0.404320152695565,0.385015137375245,0.491162947941479,0.278893466787341,1.39357599445879,0.220408363011405,0.660579113508291,0.876876063587709,0.857010143149321,0.623826938028859,0.402607975866225,0.268014539134999,0.160933569820902,0.408075765814957,0.606978907295662,1.12353761491159,0.0523875252379575,0.142331539875297,0.104421643200922,0.543238036756925,1.33396927669327,0.76728336933834,0.784544822433919,0.0130820002291969,0.48785446102557,1.53745599999131
"pesu113",0.896701858453076,0.81352208622881,1.24004243157976,1.03953083093209,2.93542338029464,1.56336081042416,1.63956155293367,1.0449060620244,1.35104043335956,0.865580673630449,1.32389132543023,0,1.18741727479405,0.779201382792115,1.24601021195135,0.834706192218954,1.240958470919,1.38048774910778,0.919571172734665,0.938876188054985,0.832728377488751,1.60278479221757,2.71746731988902,1.10348296241883,0.663312211921939,0.447015261842521,0.466881182280909,1.94771826345909,1.72649930129645,1.59190586456523,1.48482489525113,0.915815559615274,0.716912418134568,2.44742894034182,1.27150380019227,1.46622286530553,1.21946968222931,0.780653288673305,2.6578606021235,2.09117469476857,2.10843614786415,1.33697332565943,0.83603686440466,0.213564674561084
"pesu116",0.290715416340969,0.373895188565236,0.0526251567857123,0.147886443861957,1.7480061055006,0.37594353563011,0.452144278139624,0.142511212769644,0.163623158565514,0.321836601163596,0.136474050636185,1.18741727479405,0,0.40821589200193,0.0585929371573073,0.352711082575091,0.0535411961249537,0.193070474313732,0.26784610205938,0.24854108673906,0.354688897305294,0.415367517423526,1.53005004509497,0.0839343123752201,0.524105062872106,0.740402012951524,0.720536092513136,0.760300988665044,0.53908202650241,0.404488589771184,0.297407620457086,0.271601715178772,0.470504856659478,1.26001166554778,0.0840865253982273,0.278805590511482,0.0320524074352626,0.40676398612074,1.47044332732945,0.903757419974525,0.921018873070103,0.149556050865382,0.351380410389385,1.40098194935513
"pesu117",0.117500475660961,0.0343207034366948,0.460841048787643,0.260329448139974,2.15622199750253,0.784159427632041,0.860360170141554,0.265704679232286,0.571839050567444,0.0863792908383338,0.544689942638115,0.779201382792115,0.40821589200193,0,0.466808829159238,0.0555048094268393,0.461757088126884,0.601286366315662,0.14036978994255,0.15967480526287,0.0535269946966359,0.823583409425456,1.9382659370969,0.32428157962671,0.115889170870176,0.332186120949594,0.312320200511206,1.16851688066697,0.94729791850434,0.812704481773114,0.705623512459017,0.136614176823159,0.0622889646575473,1.66822755754971,0.492302417400158,0.687021482513412,0.440268299437193,0.00145190588118993,1.87865921933138,1.31197331197646,1.32923476507203,0.557771942867312,0.0568354816125449,0.992766057353199
"pesu119",0.349308353498277,0.432488125722543,0.00596778037159496,0.206479381019264,1.68941316834329,0.317350598472803,0.393551340982317,0.201104149926952,0.105030221408207,0.380429538320904,0.0778811134788775,1.24601021195135,0.0585929371573073,0.466808829159238,0,0.411304019732398,0.00505174103235362,0.134477537156425,0.326439039216687,0.307134023896367,0.413281834462602,0.356774580266219,1.47145710793766,0.142527249532527,0.582698000029414,0.798994950108831,0.779129029670443,0.701708051507737,0.480489089345102,0.345895652613876,0.238814683299779,0.330194652336079,0.529097793816785,1.20141872839047,0.02549358824092,0.220212653354174,0.0265405297220447,0.465356923278048,1.41185039017214,0.845164482817218,0.862425935912796,0.0909631137080744,0.409973347546693,1.45957488651244
"pesu120",0.0619956662341217,0.0211841059901445,0.405336239360803,0.204824638713134,2.10071718807569,0.728654618205201,0.804855360714715,0.210199869805447,0.516334241140605,0.0308744814114945,0.489185133211276,0.834706192218954,0.352711082575091,0.0555048094268393,0.411304019732398,0,0.406252278700045,0.545781556888823,0.0848649805157109,0.104169995836031,0.00197781473020342,0.768078599998617,1.88276112767006,0.268776770199871,0.171393980297015,0.387690930376433,0.367825009938045,1.11301207124014,0.891793109077501,0.757199672346275,0.650118703032177,0.0811093673963192,0.117793774084387,1.61272274812287,0.436797607973318,0.631516673086573,0.384763490010354,0.0540529035456494,1.82315440990454,1.25646850254962,1.27372995564519,0.502267133440473,0.00133067218570559,1.04827086678004
"pesu121",0.344256612465923,0.427436384690189,0.000916039339241337,0.20142763998691,1.69446490937564,0.322402339505157,0.39860308201467,0.196052408894598,0.11008196244056,0.37537779728855,0.0829328545112311,1.240958470919,0.0535411961249537,0.461757088126884,0.00505174103235362,0.406252278700045,0,0.139529278188778,0.321387298184334,0.302082282864014,0.408230093430248,0.361826321298572,1.47650884897002,0.137475508500174,0.57764625899706,0.793943209076478,0.77407728863809,0.70675979254009,0.485540830377456,0.35094739364623,0.243866424332133,0.325142911303725,0.524046052784431,1.20647046942282,0.0305453292732736,0.225264394386528,0.0214887886896911,0.460305182245694,1.4169021312045,0.850216223849571,0.86747767694515,0.096014854740428,0.404921606514339,1.45452314548008
"pesu122",0.483785890654701,0.566965662878967,0.14044531752802,0.340956918175689,1.55493563118686,0.182873061316378,0.259073803825892,0.335581687083376,0.029447315748218,0.514907075477328,0.0565964236775471,1.38048774910778,0.193070474313732,0.601286366315662,0.134477537156425,0.545781556888823,0.139529278188778,0,0.460916576373112,0.441611561052792,0.547759371619026,0.222297043109794,1.33697957078124,0.277004786688952,0.717175537185838,0.933472487265256,0.913606566826868,0.567230514351312,0.346011552188678,0.211418115457452,0.104337146143354,0.464672189492504,0.66357533097321,1.06694119123404,0.108983948915505,0.0857351161977498,0.161018066878469,0.599834460434472,1.27737285301572,0.710686945660793,0.727948398756372,0.0435144234483502,0.544450884703117,1.59405242366886
"pesu123",0.0228693142815892,0.106049086505855,0.320471258845092,0.119959658197423,2.01585220755998,0.64378963768949,0.719990380199004,0.125334889289736,0.431469260624894,0.0539904991042164,0.404320152695565,0.919571172734665,0.26784610205938,0.14036978994255,0.326439039216687,0.0848649805157109,0.321387298184334,0.460916576373112,0,0.0193050153203203,0.0868427952459143,0.683213619482906,1.79789614715435,0.18391178968416,0.256258960812726,0.472555910892144,0.452689990453756,1.02814709072442,0.80692812856179,0.672334691830564,0.565253722516466,0.00375561311939165,0.202658754600098,1.52785776760716,0.351932627457607,0.546651692570862,0.299898509494643,0.13891788406136,1.73828942938883,1.17160352203391,1.18886497512948,0.417402152924762,0.0835343083300053,1.13313584729575
"pesu124",0.0421743296019095,0.125354101826176,0.301166243524772,0.100654642877103,1.99654719223966,0.62448462236917,0.700685364878684,0.106029873969415,0.412164245304574,0.0732955144245366,0.385015137375245,0.938876188054985,0.24854108673906,0.15967480526287,0.307134023896367,0.104169995836031,0.302082282864014,0.441611561052792,0.0193050153203203,0,0.106147810566235,0.663908604162586,1.77859113183403,0.16460677436384,0.275563976133046,0.491860926212464,0.471995005774076,1.0088420754041,0.787623113241469,0.653029676510243,0.545948707196146,0.0230606284397119,0.221963769920418,1.50855275228684,0.332627612137287,0.527346677250542,0.280593494174322,0.158222899381681,1.71898441406851,1.15229850671358,1.16955995980916,0.398097137604442,0.102839323650326,1.15244086261607
"pesu125",0.0639734809643251,0.0192062912599411,0.407314054091007,0.206802453443338,2.10269500280589,0.730632432935405,0.806833175444918,0.21217768453565,0.518312055870808,0.0328522961416979,0.491162947941479,0.832728377488751,0.354688897305294,0.0535269946966359,0.413281834462602,0.00197781473020342,0.408230093430248,0.547759371619026,0.0868427952459143,0.106147810566235,0,0.77005641472882,1.88473894240026,0.270754584930074,0.169416165566812,0.385713115646229,0.365847195207841,1.11498988597034,0.893770923807704,0.759177487076478,0.652096517762381,0.0830871821265227,0.115815959354183,1.61470056285307,0.438775422703522,0.633494487816776,0.386741304740557,0.052075088815446,1.82513222463475,1.25844631727982,1.2757077703754,0.504244948170676,0.00330848691590901,1.04629305204984
"pesu126",0.706082933764495,0.789262705988762,0.362742360637814,0.563253961285483,1.33263858807707,0.0394239817934157,0.0367767607160978,0.55787873019317,0.251744358858012,0.737204118587123,0.278893466787341,1.60278479221757,0.415367517423526,0.823583409425456,0.356774580266219,0.768078599998617,0.361826321298572,0.222297043109794,0.683213619482906,0.663908604162586,0.77005641472882,0,1.11468252767144,0.499301829798746,0.939472580295632,1.15576953037505,1.13590360993666,0.344933471241518,0.123714509078884,0.0108789276523424,0.11795989696644,0.686969232602298,0.885872374083004,0.844644148124249,0.331280992025299,0.136561926912044,0.383315109988263,0.822131503544266,1.05507580990593,0.488389902550999,0.505651355646577,0.265811466558144,0.766747927812911,1.81634946677866
"pesu127",1.82076546143594,1.90394523366021,1.47742488830926,1.67793648895693,0.217956060405626,1.15410650946486,1.07790576695535,1.67256125786461,1.36642688652946,1.85188664625857,1.39357599445879,2.71746731988902,1.53005004509497,1.9382659370969,1.47145710793766,1.88276112767006,1.47650884897002,1.33697957078124,1.79789614715435,1.77859113183403,1.88473894240026,1.11468252767144,0,1.61398435747019,2.05415510796708,2.27045205804649,2.25058613760811,0.769749056429927,0.990968018592561,1.12556145532379,1.23264242463788,1.80165176027374,2.00055490175445,0.270038379547195,1.44596351969674,1.25124445458349,1.49799763765971,1.93681403121571,0.0596067177655186,0.626292625120445,0.609031172024867,1.38049399422959,1.88143045548436,2.9310319944501
"pesu128",0.206781103965749,0.289960876190015,0.136559469160932,0.0639521314867366,1.83194041787582,0.45987784800533,0.536078590514844,0.0585769003944243,0.247557470940734,0.237902288788376,0.220408363011405,1.10348296241883,0.0839343123752201,0.32428157962671,0.142527249532527,0.268776770199871,0.137475508500174,0.277004786688952,0.18391178968416,0.16460677436384,0.270754584930074,0.499301829798746,1.61398435747019,0,0.440170750496886,0.656467700576304,0.636601780137916,0.844235301040264,0.62301633887763,0.488422902146404,0.381341932832306,0.187667402803552,0.386570544284258,1.343945977923,0.168020837773447,0.362739902886702,0.115986719810483,0.32282967374552,1.55437763970467,0.987691732349745,1.00495318544532,0.233490363240602,0.267446098014165,1.31704763697991
"pesu129",0.233389646531137,0.150209874306871,0.576730219657819,0.37621861901015,2.2721111683727,0.900048598502217,0.97624934101173,0.381593850102462,0.68772822143762,0.20226846170851,0.660579113508291,0.663312211921939,0.524105062872106,0.115889170870176,0.582698000029414,0.171393980297015,0.57764625899706,0.717175537185838,0.256258960812726,0.275563976133046,0.169416165566812,0.939472580295632,2.05415510796708,0.440170750496886,0,0.216296950079418,0.19643102964103,1.28440605153715,1.06318708937452,0.92859365264329,0.821512683329193,0.252503347693334,0.0536002062126286,1.78411672841988,0.608191588270333,0.802910653383588,0.556157470307369,0.117341076751366,1.99454839020156,1.42786248284663,1.44512393594221,0.673661113737488,0.172724652482721,0.876876886483023
"pesu131",0.449686596610555,0.366506824386288,0.793027169737236,0.592515569089567,2.48840811845212,1.11634554858163,1.19254629109115,0.597890800181879,0.904025171517038,0.418565411787927,0.876876063587709,0.447015261842521,0.740402012951524,0.332186120949594,0.798994950108831,0.387690930376433,0.793943209076478,0.933472487265256,0.472555910892144,0.491860926212464,0.385713115646229,1.15576953037505,2.27045205804649,0.656467700576304,0.216296950079418,0,0.019865920438388,1.50070300161657,1.27948403945393,1.14489060272271,1.03780963340861,0.468800297772752,0.269897156292046,2.0004136784993,0.824488538349751,1.01920760346301,0.772454420386786,0.333638026830783,2.21084534028098,1.64415943292605,1.66142088602163,0.889958063816906,0.389021602562138,0.660579936403606
"pesu132",0.429820676172167,0.3466409039479,0.773161249298848,0.572649648651179,2.46854219801373,1.09647962814325,1.17268037065276,0.578024879743491,0.88415925107865,0.398699491349539,0.857010143149321,0.466881182280909,0.720536092513136,0.312320200511206,0.779129029670443,0.367825009938045,0.77407728863809,0.913606566826868,0.452689990453756,0.471995005774076,0.365847195207841,1.13590360993666,2.25058613760811,0.636601780137916,0.19643102964103,0.019865920438388,0,1.48083708117818,1.25961811901555,1.12502468228432,1.01794371297022,0.448934377334364,0.250031235853658,1.98054775806091,0.804622617911363,0.999341683024618,0.752588499948398,0.313772106392396,2.19097941984259,1.62429351248766,1.64155496558324,0.870092143378518,0.36915568212375,0.680445856841994
"pesu133",1.05101640500601,1.13419617723028,0.707675831879332,0.908187432527001,0.987705116835553,0.384357453034934,0.30815671052542,0.902812201434688,0.59667783009953,1.08213758982864,0.623826938028859,1.94771826345909,0.760300988665044,1.16851688066697,0.701708051507737,1.11301207124014,0.70675979254009,0.567230514351312,1.02814709072442,1.0088420754041,1.11498988597034,0.344933471241518,0.769749056429927,0.844235301040264,1.28440605153715,1.50070300161657,1.48083708117818,0,0.221218962162634,0.35581239889386,0.462893368207958,1.03190270384382,1.23080584532452,0.499710676882732,0.676214463266817,0.481495398153562,0.728248581229781,1.16706497478578,0.710142338664408,0.143456431309481,0.160717884405059,0.610744937799662,1.11168139905443,2.16128293802017
"pesu134",0.829797442843379,0.912977215067645,0.486456869716697,0.686968470364366,1.20892407899819,0.163138490872299,0.0869377483627858,0.681593239272054,0.375458867936896,0.860918627666006,0.402607975866225,1.72649930129645,0.53908202650241,0.94729791850434,0.480489089345102,0.891793109077501,0.485540830377456,0.346011552188678,0.80692812856179,0.787623113241469,0.893770923807704,0.123714509078884,0.990968018592561,0.62301633887763,1.06318708937452,1.27948403945393,1.25961811901555,0.221218962162634,0,0.134593436731226,0.241674406045323,0.810683741681181,1.00958688316189,0.720929639045366,0.454995501104182,0.260276435990928,0.507029619067147,0.94584601262315,0.931361300827042,0.364675393472115,0.381936846567694,0.389525975637028,0.890462436891795,1.94006397585754
"pesu135",0.695204006112153,0.778383778336419,0.351863432985471,0.55237503363314,1.34351751572941,0.0285450541410732,0.0476556883684403,0.546999802540828,0.24086543120567,0.72632519093478,0.268014539134999,1.59190586456523,0.404488589771184,0.812704481773114,0.345895652613876,0.757199672346275,0.35094739364623,0.211418115457452,0.672334691830564,0.653029676510243,0.759177487076478,0.0108789276523424,1.12556145532379,0.488422902146404,0.92859365264329,1.14489060272271,1.12502468228432,0.35581239889386,0.134593436731226,0,0.107080969314097,0.676090304949955,0.874993446430661,0.855523075776592,0.320402064372956,0.125682999259702,0.372436182335921,0.811252575891924,1.06595473755827,0.499268830203341,0.51653028329892,0.254932538905802,0.755869000160569,1.80547053912631
"pesu137",0.588123036798056,0.671302809022322,0.244782463671374,0.445294064319043,1.45059848504351,0.0785359151730241,0.154736657682538,0.439918833226731,0.133784461891572,0.619244221620683,0.160933569820902,1.48482489525113,0.297407620457086,0.705623512459017,0.238814683299779,0.650118703032177,0.243866424332133,0.104337146143354,0.565253722516466,0.545948707196146,0.652096517762381,0.11795989696644,1.23264242463788,0.381341932832306,0.821512683329193,1.03780963340861,1.01794371297022,0.462893368207958,0.241674406045323,0.107080969314097,0,0.569009335635858,0.767912477116564,0.962604045090689,0.213321095058859,0.0186020299456047,0.265355213021824,0.704171606577827,1.17303570687237,0.606349799517439,0.623611252613017,0.147851569591705,0.648788030846472,1.69838956981222
"pesu138",0.0191137011621976,0.102293473386464,0.324226871964484,0.123715271316815,2.01960782067937,0.647545250808882,0.723745993318396,0.129090502409127,0.435224873744286,0.0502348859848247,0.408075765814957,0.915815559615274,0.271601715178772,0.136614176823159,0.330194652336079,0.0811093673963192,0.325142911303725,0.464672189492504,0.00375561311939165,0.0230606284397119,0.0830871821265227,0.686969232602298,1.80165176027374,0.187667402803552,0.252503347693334,0.468800297772752,0.448934377334364,1.03190270384382,0.810683741681181,0.676090304949955,0.569009335635858,0,0.198903141480706,1.53161338072655,0.355688240576999,0.550407305690253,0.303654122614034,0.135162270941969,1.74204504250822,1.1753591351533,1.19262058824888,0.421157766044153,0.0797786952106136,1.12938023417636
"pesu139",0.179789440318508,0.0966096680942421,0.52313001344519,0.322618412797521,2.21851096216007,0.846448392289588,0.922649134799101,0.327993643889833,0.634128015224992,0.148668255495881,0.606978907295662,0.716912418134568,0.470504856659478,0.0622889646575473,0.529097793816785,0.117793774084387,0.524046052784431,0.66357533097321,0.202658754600098,0.221963769920418,0.115815959354183,0.885872374083004,2.00055490175445,0.386570544284258,0.0536002062126286,0.269897156292046,0.250031235853658,1.23080584532452,1.00958688316189,0.874993446430661,0.767912477116564,0.198903141480706,0,1.73051652220725,0.554591382057705,0.749310447170959,0.50255726409474,0.0637408705387372,1.94094818398893,1.374262276634,1.39152372972958,0.620060907524859,0.119124446270092,0.930477092695652
"pesu143",1.55072708188874,1.63390685411301,1.20738650876206,1.40789810940973,0.487994439952821,0.884068129917665,0.807867387408152,1.40252287831742,1.09638850698226,1.58184826671137,1.12353761491159,2.44742894034182,1.26001166554778,1.66822755754971,1.20141872839047,1.61272274812287,1.20647046942282,1.06694119123404,1.52785776760716,1.50855275228684,1.61470056285307,0.844644148124249,0.270038379547195,1.343945977923,1.78411672841988,2.0004136784993,1.98054775806091,0.499710676882732,0.720929639045366,0.855523075776592,0.962604045090689,1.53161338072655,1.73051652220725,0,1.17592514014955,0.981206075036294,1.22795925811251,1.66677565166852,0.210431661781676,0.35625424557325,0.338992792477672,1.11045561468239,1.61139207593716,2.6609936149029
"pesu144",0.374801941739197,0.457981713963463,0.0314613686125149,0.231972969260184,1.66391958010237,0.291857010231883,0.368057752741397,0.226597738167872,0.0795366331672867,0.405923126561824,0.0523875252379575,1.27150380019227,0.0840865253982273,0.492302417400158,0.02549358824092,0.436797607973318,0.0305453292732736,0.108983948915505,0.351932627457607,0.332627612137287,0.438775422703522,0.331280992025299,1.44596351969674,0.168020837773447,0.608191588270333,0.824488538349751,0.804622617911363,0.676214463266817,0.454995501104182,0.320402064372956,0.213321095058859,0.355688240576999,0.554591382057705,1.17592514014955,0,0.194719065113254,0.0520341179629646,0.490850511518968,1.38635680193122,0.819670894576298,0.836932347671876,0.0654695254671545,0.435466935787613,1.48506847475336
"pesu145",0.569521006852451,0.652700779076717,0.226180433725769,0.426692034373438,1.46920051498912,0.0971379451186287,0.173338687628142,0.421316803281126,0.115182431945968,0.600642191675078,0.142331539875297,1.46622286530553,0.278805590511482,0.687021482513412,0.220212653354174,0.631516673086573,0.225264394386528,0.0857351161977498,0.546651692570862,0.527346677250542,0.633494487816776,0.136561926912044,1.25124445458349,0.362739902886702,0.802910653383588,1.01920760346301,0.999341683024618,0.481495398153562,0.260276435990928,0.125682999259702,0.0186020299456047,0.550407305690253,0.749310447170959,0.981206075036294,0.194719065113254,0,0.246753183076219,0.685569576632222,1.19163773681797,0.624951829463043,0.642213282558622,0.1292495396461,0.630186000900867,1.67978753986661
"pesu147",0.322767823776232,0.405947596000498,0.0205727493504497,0.179938851297219,1.71595369806533,0.343891128194848,0.420091870704361,0.174563620204907,0.131570751130251,0.353889008598859,0.104421643200922,1.21946968222931,0.0320524074352626,0.440268299437193,0.0265405297220447,0.384763490010354,0.0214887886896911,0.161018066878469,0.299898509494643,0.280593494174322,0.386741304740557,0.383315109988263,1.49799763765971,0.115986719810483,0.556157470307369,0.772454420386786,0.752588499948398,0.728248581229781,0.507029619067147,0.372436182335921,0.265355213021824,0.303654122614034,0.50255726409474,1.22795925811251,0.0520341179629646,0.246753183076219,0,0.438816393556003,1.43839091989419,0.871705012539262,0.888966465634841,0.117503643430119,0.383432817824648,1.43303435679039
"pesu148",0.116048569779771,0.0328687975555049,0.459389142906453,0.258877542258784,2.15477009162134,0.782707521750851,0.858908264260364,0.264252773351096,0.570387144686254,0.0849273849571439,0.543238036756925,0.780653288673305,0.40676398612074,0.00145190588118993,0.465356923278048,0.0540529035456494,0.460305182245694,0.599834460434472,0.13891788406136,0.158222899381681,0.052075088815446,0.822131503544266,1.93681403121571,0.32282967374552,0.117341076751366,0.333638026830783,0.313772106392396,1.16706497478578,0.94584601262315,0.811252575891924,0.704171606577827,0.135162270941969,0.0637408705387372,1.66677565166852,0.490850511518968,0.685569576632222,0.438816393556003,0,1.87720731345019,1.31052140609527,1.32778285919084,0.556320036986122,0.055383575731355,0.994217963234389
"pesu149",1.76115874367042,1.84433851589469,1.41781817054374,1.61832977119141,0.277562778171145,1.09449979169934,1.01829904918983,1.6129545400991,1.30682016876394,1.79227992849305,1.33396927669327,2.6578606021235,1.47044332732945,1.87865921933138,1.41185039017214,1.82315440990454,1.4169021312045,1.27737285301572,1.73828942938883,1.71898441406851,1.82513222463475,1.05507580990593,0.0596067177655186,1.55437763970467,1.99454839020156,2.21084534028098,2.19097941984259,0.710142338664408,0.931361300827042,1.06595473755827,1.17303570687237,1.74204504250822,1.94094818398893,0.210431661781676,1.38635680193122,1.19163773681797,1.43839091989419,1.87720731345019,0,0.566685907354927,0.549424454259348,1.32088727646407,1.82182373771884,2.87142527668458
"pesu152",1.19447283631549,1.27765260853976,0.851132263188813,1.05164386383648,0.844248685526072,0.527813884344415,0.451613141834901,1.04626863274417,0.740134261409011,1.22559402113812,0.76728336933834,2.09117469476857,0.903757419974525,1.31197331197646,0.845164482817218,1.25646850254962,0.850216223849571,0.710686945660793,1.17160352203391,1.15229850671358,1.25844631727982,0.488389902550999,0.626292625120445,0.987691732349745,1.42786248284663,1.64415943292605,1.62429351248766,0.143456431309481,0.364675393472115,0.499268830203341,0.606349799517439,1.1753591351533,1.374262276634,0.35625424557325,0.819670894576298,0.624951829463043,0.871705012539262,1.31052140609527,0.566685907354927,0,0.0172614530955784,0.754201369109143,1.25513783036391,2.30473936932965
"pesu154",1.21173428941107,1.29491406163534,0.868393716284391,1.06890531693206,0.826987232430493,0.545075337439993,0.46887459493048,1.06353008583975,0.75739571450459,1.2428554742337,0.784544822433919,2.10843614786415,0.921018873070103,1.32923476507203,0.862425935912796,1.27372995564519,0.86747767694515,0.727948398756372,1.18886497512948,1.16955995980916,1.2757077703754,0.505651355646577,0.609031172024867,1.00495318544532,1.44512393594221,1.66142088602163,1.64155496558324,0.160717884405059,0.381936846567694,0.51653028329892,0.623611252613017,1.19262058824888,1.39152372972958,0.338992792477672,0.836932347671876,0.642213282558622,0.888966465634841,1.32778285919084,0.549424454259348,0.0172614530955784,0,0.771462822204722,1.27239928345949,2.32200082242523
"pesu157",0.440271467206351,0.523451239430617,0.0969308940796694,0.297442494727338,1.59845005463522,0.226387484764729,0.302588227274242,0.292067263635026,0.0140671077001322,0.471392652028978,0.0130820002291969,1.33697332565943,0.149556050865382,0.557771942867312,0.0909631137080744,0.502267133440473,0.096014854740428,0.0435144234483502,0.417402152924762,0.398097137604442,0.504244948170676,0.265811466558144,1.38049399422959,0.233490363240602,0.673661113737488,0.889958063816906,0.870092143378518,0.610744937799662,0.389525975637028,0.254932538905802,0.147851569591705,0.421157766044153,0.620060907524859,1.11045561468239,0.0654695254671545,0.1292495396461,0.117503643430119,0.556320036986122,1.32088727646407,0.754201369109143,0.771462822204722,0,0.500936461254767,1.55053800022051
"pesu161",0.0606649940484161,0.0225147781758501,0.404005567175098,0.203493966527429,2.09938651588998,0.727323946019496,0.803524688529009,0.208869197619741,0.515003568954899,0.0295438092257889,0.48785446102557,0.83603686440466,0.351380410389385,0.0568354816125449,0.409973347546693,0.00133067218570559,0.404921606514339,0.544450884703117,0.0835343083300053,0.102839323650326,0.00330848691590901,0.766747927812911,1.88143045548436,0.267446098014165,0.172724652482721,0.389021602562138,0.36915568212375,1.11168139905443,0.890462436891795,0.755869000160569,0.648788030846472,0.0797786952106136,0.119124446270092,1.61139207593716,0.435466935787613,0.630186000900867,0.383432817824648,0.055383575731355,1.82182373771884,1.25513783036391,1.27239928345949,0.500936461254767,0,1.04960153896574
"pesu162",1.11026653301416,1.02708676078989,1.45360710614084,1.25309550549317,3.14898805485573,1.77692548498524,1.85312622749475,1.25847073658549,1.56460510792064,1.07914534819153,1.53745599999131,0.213564674561084,1.40098194935513,0.992766057353199,1.45957488651244,1.04827086678004,1.45452314548008,1.59405242366886,1.13313584729575,1.15244086261607,1.04629305204984,1.81634946677866,2.9310319944501,1.31704763697991,0.876876886483023,0.660579936403606,0.680445856841994,2.16128293802017,1.94006397585754,1.80547053912631,1.69838956981222,1.12938023417636,0.930477092695652,2.6609936149029,1.48506847475336,1.67978753986661,1.43303435679039,0.994217963234389,2.87142527668458,2.30473936932965,2.32200082242523,1.55053800022051,1.04960153896574,0
